function [n,l,f,r]=sol_us()
n=nan(4,41);
n(1,1)=2.49;
n(1,2)=2.75;
n(1,3)=1.00;
n(1,4)=0.42;
n(1,5)=0.23;
n(1,6)=0.17;
n(1,7)=0.15;
n(1,8)=0.09;
n(1,9)=0.08;
n(1,10)=0.07;
n(1,11)=0.07;
n(1,12)=0.02;
n(1,13)=0.01;
n(1,14)=0.00;
n(1,15)=0.00;
n(1,16)=0.00;
n(1,17)=0.00;
n(1,18)=0.00;
n(1,19)=0.00;
n(1,20)=0.00;
n(1,21)=0.00;
n(1,22)=0.00;
n(1,23)=0.00;
n(1,24)=0.00;
n(1,25)=0.00;
n(1,26)=0.00;
n(1,27)=0.00;
n(1,28)=0.00;
n(1,29)=0.00;
n(1,30)=0.00;
n(1,31)=0.00;
n(1,32)=0.00;
n(1,33)=0.00;
n(1,34)=0.00;
n(1,35)=0.00;
n(1,36)=0.00;
n(1,37)=0.00;
n(1,38)=0.00;
n(1,39)=0.00;
n(1,40)=0.00;
n(1,41)=0.00;
n(2,1)=2.49;
n(2,2)=3.32;
n(2,3)=3.12;
n(2,4)=1.88;
n(2,5)=1.09;
n(2,6)=0.70;
n(2,7)=0.53;
n(2,8)=0.37;
n(2,9)=0.28;
n(2,10)=0.24;
n(2,11)=0.22;
n(2,12)=0.12;
n(2,13)=0.05;
n(2,14)=0.02;
n(2,15)=0.01;
n(2,16)=0.00;
n(2,17)=0.00;
n(2,18)=0.00;
n(2,19)=0.00;
n(2,20)=0.00;
n(2,21)=0.00;
n(2,22)=0.00;
n(2,23)=0.00;
n(2,24)=0.00;
n(2,25)=0.00;
n(2,26)=0.00;
n(2,27)=0.00;
n(2,28)=0.00;
n(2,29)=0.00;
n(2,30)=0.00;
n(2,31)=0.00;
n(2,32)=0.00;
n(2,33)=0.00;
n(2,34)=0.00;
n(2,35)=0.00;
n(2,36)=0.00;
n(2,37)=0.00;
n(2,38)=0.00;
n(2,39)=0.00;
n(2,40)=0.00;
n(2,41)=0.00;
n(3,1)=2.49;
n(3,2)=4.42;
n(3,3)=4.42;
n(3,4)=4.29;
n(3,5)=3.33;
n(3,6)=2.01;
n(3,7)=1.32;
n(3,8)=0.83;
n(3,9)=0.57;
n(3,10)=0.42;
n(3,11)=0.34;
n(3,12)=0.26;
n(3,13)=0.16;
n(3,14)=0.09;
n(3,15)=0.05;
n(3,16)=0.02;
n(3,17)=0.01;
n(3,18)=0.00;
n(3,19)=0.00;
n(3,20)=0.00;
n(3,21)=0.00;
n(3,22)=0.00;
n(3,23)=0.00;
n(3,24)=0.00;
n(3,25)=0.00;
n(3,26)=0.00;
n(3,27)=0.00;
n(3,28)=0.00;
n(3,29)=0.00;
n(3,30)=0.00;
n(3,31)=0.00;
n(3,32)=0.00;
n(3,33)=0.00;
n(3,34)=0.00;
n(3,35)=0.00;
n(3,36)=0.00;
n(3,37)=0.00;
n(3,38)=0.00;
n(3,39)=0.00;
n(3,40)=0.00;
n(3,41)=0.00;
n(4,1)=2.49;
n(4,2)=3.32;
n(4,3)=3.59;
n(4,4)=3.68;
n(4,5)=3.71;
n(4,6)=3.57;
n(4,7)=2.73;
n(4,8)=1.68;
n(4,9)=1.07;
n(4,10)=0.73;
n(4,11)=0.54;
n(4,12)=0.36;
n(4,13)=0.26;
n(4,14)=0.17;
n(4,15)=0.11;
n(4,16)=0.06;
n(4,17)=0.03;
n(4,18)=0.02;
n(4,19)=0.01;
n(4,20)=0.00;
n(4,21)=0.00;
n(4,22)=0.00;
n(4,23)=0.00;
n(4,24)=0.00;
n(4,25)=0.00;
n(4,26)=0.00;
n(4,27)=0.00;
n(4,28)=0.00;
n(4,29)=0.00;
n(4,30)=0.00;
n(4,31)=0.00;
n(4,32)=0.00;
n(4,33)=0.00;
n(4,34)=0.00;
n(4,35)=0.00;
n(4,36)=0.00;
n(4,37)=0.00;
n(4,38)=0.00;
n(4,39)=0.00;
n(4,40)=0.00;
n(4,41)=0.00;

f=nan(4,41);
f(1,1)=2.50;
f(1,2)=2.03;
f(1,3)=0.86;
f(1,4)=0.47;
f(1,5)=0.34;
f(1,6)=0.30;
f(1,7)=0.19;
f(1,8)=0.16;
f(1,9)=0.14;
f(1,10)=0.14;
f(1,11)=0.05;
f(1,12)=0.02;
f(1,13)=0.01;
f(1,14)=0.00;
f(1,15)=0.00;
f(1,16)=0.00;
f(1,17)=0.00;
f(1,18)=0.00;
f(1,19)=0.00;
f(1,20)=0.00;
f(1,21)=0.00;
f(1,22)=0.00;
f(1,23)=0.00;
f(1,24)=0.00;
f(1,25)=0.00;
f(1,26)=0.00;
f(1,27)=0.00;
f(1,28)=0.00;
f(1,29)=0.00;
f(1,30)=0.00;
f(1,31)=0.00;
f(1,32)=0.00;
f(1,33)=0.00;
f(1,34)=0.00;
f(1,35)=0.00;
f(1,36)=0.00;
f(1,37)=0.00;
f(1,38)=0.00;
f(1,39)=0.00;
f(1,40)=0.00;
f(2,1)=1.67;
f(2,2)=2.23;
f(2,3)=2.09;
f(2,4)=1.26;
f(2,5)=0.73;
f(2,6)=0.47;
f(2,7)=0.35;
f(2,8)=0.25;
f(2,9)=0.19;
f(2,10)=0.16;
f(2,11)=0.15;
f(2,12)=0.08;
f(2,13)=0.04;
f(2,14)=0.02;
f(2,15)=0.01;
f(2,16)=0.00;
f(2,17)=0.00;
f(2,18)=0.00;
f(2,19)=0.00;
f(2,20)=0.00;
f(2,21)=0.00;
f(2,22)=0.00;
f(2,23)=0.00;
f(2,24)=0.00;
f(2,25)=0.00;
f(2,26)=0.00;
f(2,27)=0.00;
f(2,28)=0.00;
f(2,29)=0.00;
f(2,30)=0.00;
f(2,31)=0.00;
f(2,32)=0.00;
f(2,33)=0.00;
f(2,34)=0.00;
f(2,35)=0.00;
f(2,36)=0.00;
f(2,37)=0.00;
f(2,38)=0.00;
f(2,39)=0.00;
f(2,40)=0.00;
f(3,1)=2.50;
f(3,2)=2.50;
f(3,3)=2.50;
f(3,4)=2.50;
f(3,5)=2.35;
f(3,6)=1.55;
f(3,7)=0.78;
f(3,8)=0.52;
f(3,9)=0.38;
f(3,10)=0.30;
f(3,11)=0.18;
f(3,12)=0.14;
f(3,13)=0.09;
f(3,14)=0.05;
f(3,15)=0.02;
f(3,16)=0.01;
f(3,17)=0.01;
f(3,18)=0.00;
f(3,19)=0.00;
f(3,20)=0.00;
f(3,21)=0.00;
f(3,22)=0.00;
f(3,23)=0.00;
f(3,24)=0.00;
f(3,25)=0.00;
f(3,26)=0.00;
f(3,27)=0.00;
f(3,28)=0.00;
f(3,29)=0.00;
f(3,30)=0.00;
f(3,31)=0.00;
f(3,32)=0.00;
f(3,33)=0.00;
f(3,34)=0.00;
f(3,35)=0.00;
f(3,36)=0.00;
f(3,37)=0.00;
f(3,38)=0.00;
f(3,39)=0.00;
f(3,40)=0.00;
f(4,1)=1.67;
f(4,2)=2.23;
f(4,3)=2.41;
f(4,4)=2.47;
f(4,5)=2.49;
f(4,6)=2.39;
f(4,7)=1.83;
f(4,8)=1.13;
f(4,9)=0.72;
f(4,10)=0.49;
f(4,11)=0.36;
f(4,12)=0.24;
f(4,13)=0.17;
f(4,14)=0.12;
f(4,15)=0.07;
f(4,16)=0.04;
f(4,17)=0.02;
f(4,18)=0.01;
f(4,19)=0.00;
f(4,20)=0.00;
f(4,21)=0.00;
f(4,22)=0.00;
f(4,23)=0.00;
f(4,24)=0.00;
f(4,25)=0.00;
f(4,26)=0.00;
f(4,27)=0.00;
f(4,28)=0.00;
f(4,29)=0.00;
f(4,30)=0.00;
f(4,31)=0.00;
f(4,32)=0.00;
f(4,33)=0.00;
f(4,34)=0.00;
f(4,35)=0.00;
f(4,36)=0.00;
f(4,37)=0.00;
f(4,38)=0.00;
f(4,39)=0.00;
f(4,40)=0.00;

l=nan(4,41);
l(1,1)=2.49;
l(1,2)=0.00;
l(1,3)=0.00;
l(1,4)=0.00;
l(1,5)=0.00;
l(1,6)=0.00;
l(1,7)=0.00;
l(1,8)=0.00;
l(1,9)=0.00;
l(1,10)=0.00;
l(1,11)=0.00;
l(1,12)=0.00;
l(1,13)=0.00;
l(1,14)=0.00;
l(1,15)=0.00;
l(1,16)=0.00;
l(1,17)=0.00;
l(1,18)=0.00;
l(1,19)=0.00;
l(1,20)=0.00;
l(1,21)=0.00;
l(1,22)=0.00;
l(1,23)=0.00;
l(1,24)=0.00;
l(1,25)=0.00;
l(1,26)=0.00;
l(1,27)=0.00;
l(1,28)=0.00;
l(1,29)=0.00;
l(1,30)=0.00;
l(1,31)=0.00;
l(1,32)=0.00;
l(1,33)=0.00;
l(1,34)=0.00;
l(1,35)=0.00;
l(1,36)=0.00;
l(1,37)=0.00;
l(1,38)=0.00;
l(1,39)=0.00;
l(1,40)=0.00;
l(1,41)=0.00;
l(3,1)=2.49;
l(3,2)=0.00;
l(3,3)=0.00;
l(3,4)=0.00;
l(3,5)=0.00;
l(3,6)=0.00;
l(3,7)=0.00;
l(3,8)=0.00;
l(3,9)=0.00;
l(3,10)=0.00;
l(3,11)=0.00;
l(3,12)=0.00;
l(3,13)=0.00;
l(3,14)=0.00;
l(3,15)=0.00;
l(3,16)=0.00;
l(3,17)=0.00;
l(3,18)=0.00;
l(3,19)=0.00;
l(3,20)=0.00;
l(3,21)=0.00;
l(3,22)=0.00;
l(3,23)=0.00;
l(3,24)=0.00;
l(3,25)=0.00;
l(3,26)=0.00;
l(3,27)=0.00;
l(3,28)=0.00;
l(3,29)=0.00;
l(3,30)=0.00;
l(3,31)=0.00;
l(3,32)=0.00;
l(3,33)=0.00;
l(3,34)=0.00;
l(3,35)=0.00;
l(3,36)=0.00;
l(3,37)=0.00;
l(3,38)=0.00;
l(3,39)=0.00;
l(3,40)=0.00;
l(3,41)=0.00;

r=nan(4,41);
r(1,1)=2.76;
r(1,2)=0.28;
r(1,3)=0.28;
r(1,4)=0.28;
r(1,5)=0.28;
r(1,6)=0.28;
r(1,7)=0.14;
r(1,8)=0.14;
r(1,9)=0.14;
r(1,10)=0.14;
r(1,11)=0.00;
r(1,12)=0.00;
r(1,13)=0.00;
r(1,14)=0.00;
r(1,15)=0.00;
r(1,16)=0.00;
r(1,17)=0.00;
r(1,18)=0.00;
r(1,19)=0.00;
r(1,20)=0.00;
r(1,21)=0.00;
r(1,22)=0.00;
r(1,23)=0.00;
r(1,24)=0.00;
r(1,25)=0.00;
r(1,26)=0.00;
r(1,27)=0.00;
r(1,28)=0.00;
r(1,29)=0.00;
r(1,30)=0.00;
r(1,31)=0.00;
r(1,32)=0.00;
r(1,33)=0.00;
r(1,34)=0.00;
r(1,35)=0.00;
r(1,36)=0.00;
r(1,37)=0.00;
r(1,38)=0.00;
r(1,39)=0.00;
r(1,40)=0.00;
r(3,1)=3.04;
r(3,2)=0.56;
r(3,3)=0.56;
r(3,4)=0.56;
r(3,5)=0.56;
r(3,6)=0.56;
r(3,7)=0.14;
r(3,8)=0.14;
r(3,9)=0.14;
r(3,10)=0.14;
r(3,11)=0.00;
r(3,12)=0.00;
r(3,13)=0.00;
r(3,14)=0.00;
r(3,15)=0.00;
r(3,16)=0.00;
r(3,17)=0.00;
r(3,18)=0.00;
r(3,19)=0.00;
r(3,20)=0.00;
r(3,21)=0.00;
r(3,22)=0.00;
r(3,23)=0.00;
r(3,24)=0.00;
r(3,25)=0.00;
r(3,26)=0.00;
r(3,27)=0.00;
r(3,28)=0.00;
r(3,29)=0.00;
r(3,30)=0.00;
r(3,31)=0.00;
r(3,32)=0.00;
r(3,33)=0.00;
r(3,34)=0.00;
r(3,35)=0.00;
r(3,36)=0.00;
r(3,37)=0.00;
r(3,38)=0.00;
r(3,39)=0.00;
r(3,40)=0.00;
